Enter the GPU ID (0/1): 0
Select GPU with device ID = 0
Solve Poisson equation on a 3D lattice with boundary conditions
Enter the size (Nx, Ny,Nz) of the 3D lattice: 32 32 32
Enter the number of threads (tx,ty) per block: 8 8 8
The dimension of the grid is (4, 4 , 4)
To compute the solution vector with CPU/GPU/both (0/1/2) ? 2

Input time for GPU: 1.826336 (ms) 
error (GPU) = 8.231806349783991e-11
total iterations (GPU) = 2644
Processing time for GPU: 47.069153 (ms) 
GPU Gflops: 0.353888
Output time for GPU: 0.159520 (ms) 
Total time for GPU: 49.055008 (ms) 

Final field configuration (GPU):
0.00e+00 0.00e+00 0.00e+00 0.00e+00 0.00e+00 0.00e+00 0.00e+00 0.00e+00 0.00e+00 0.00e+00 0.00e+00 0.00e+00 0.00e+00 0.00e+00 0.00e+00 0.00e+00 0.00e+00 0.00e+00 0.00e+00 0.00e+00 0.00e+00 0.00e+00 0.00e+00 0.00e+00 0.00e+00 0.00e+00 0.00e+00 0.00e+00 0.00e+00 0.00e+00 0.00e+00 0.00e+00 
0.00e+00 4.51e-04 9.04e-04 1.36e-03 1.83e-03 2.31e-03 2.79e-03 3.27e-03 3.76e-03 4.23e-03 4.68e-03 5.09e-03 5.44e-03 5.73e-03 5.93e-03 6.03e-03 6.03e-03 5.93e-03 5.73e-03 5.44e-03 5.09e-03 4.68e-03 4.23e-03 3.76e-03 3.27e-03 2.79e-03 2.31e-03 1.83e-03 1.36e-03 9.04e-04 4.51e-04 0.00e+00 
0.00e+00 9.04e-04 1.82e-03 2.74e-03 3.68e-03 4.64e-03 5.61e-03 6.60e-03 7.58e-03 8.55e-03 9.47e-03 1.03e-02 1.10e-02 1.16e-02 1.21e-02 1.23e-02 1.23e-02 1.21e-02 1.16e-02 1.10e-02 1.03e-02 9.47e-03 8.55e-03 7.58e-03 6.60e-03 5.61e-03 4.64e-03 3.68e-03 2.74e-03 1.82e-03 9.04e-04 0.00e+00 
0.00e+00 1.36e-03 2.74e-03 4.14e-03 5.56e-03 7.02e-03 8.51e-03 1.00e-02 1.15e-02 1.30e-02 1.45e-02 1.58e-02 1.70e-02 1.79e-02 1.86e-02 1.89e-02 1.89e-02 1.86e-02 1.79e-02 1.70e-02 1.58e-02 1.45e-02 1.30e-02 1.15e-02 1.00e-02 8.51e-03 7.02e-03 5.56e-03 4.14e-03 2.74e-03 1.36e-03 0.00e+00 
0.00e+00 1.83e-03 3.68e-03 5.56e-03 7.49e-03 9.48e-03 1.15e-02 1.36e-02 1.57e-02 1.78e-02 1.99e-02 2.18e-02 2.34e-02 2.48e-02 2.58e-02 2.63e-02 2.63e-02 2.58e-02 2.48e-02 2.34e-02 2.18e-02 1.99e-02 1.78e-02 1.57e-02 1.36e-02 1.15e-02 9.48e-03 7.49e-03 5.56e-03 3.68e-03 1.83e-03 0.00e+00 
0.00e+00 2.31e-03 4.64e-03 7.02e-03 9.48e-03 1.20e-02 1.47e-02 1.74e-02 2.02e-02 2.30e-02 2.57e-02 2.83e-02 3.06e-02 3.26e-02 3.39e-02 3.47e-02 3.47e-02 3.39e-02 3.26e-02 3.06e-02 2.83e-02 2.57e-02 2.30e-02 2.02e-02 1.74e-02 1.47e-02 1.20e-02 9.48e-03 7.02e-03 4.64e-03 2.31e-03 0.00e+00 
0.00e+00 2.79e-03 5.61e-03 8.51e-03 1.15e-02 1.47e-02 1.79e-02 2.14e-02 2.49e-02 2.85e-02 3.22e-02 3.57e-02 3.88e-02 4.15e-02 4.35e-02 4.45e-02 4.45e-02 4.35e-02 4.15e-02 3.88e-02 3.57e-02 3.22e-02 2.85e-02 2.49e-02 2.14e-02 1.79e-02 1.47e-02 1.15e-02 8.51e-03 5.61e-03 2.79e-03 0.00e+00 
0.00e+00 3.27e-03 6.60e-03 1.00e-02 1.36e-02 1.74e-02 2.14e-02 2.56e-02 3.00e-02 3.47e-02 3.94e-02 4.40e-02 4.84e-02 5.21e-02 5.49e-02 5.64e-02 5.64e-02 5.49e-02 5.21e-02 4.84e-02 4.40e-02 3.94e-02 3.47e-02 3.00e-02 2.56e-02 2.14e-02 1.74e-02 1.36e-02 1.00e-02 6.60e-03 3.27e-03 0.00e+00 
0.00e+00 3.76e-03 7.58e-03 1.15e-02 1.57e-02 2.02e-02 2.49e-02 3.00e-02 3.55e-02 4.14e-02 4.75e-02 5.37e-02 5.97e-02 6.50e-02 6.90e-02 7.12e-02 7.12e-02 6.90e-02 6.50e-02 5.97e-02 5.37e-02 4.75e-02 4.14e-02 3.55e-02 3.00e-02 2.49e-02 2.02e-02 1.57e-02 1.15e-02 7.58e-03 3.76e-03 0.00e+00 
0.00e+00 4.23e-03 8.55e-03 1.30e-02 1.78e-02 2.30e-02 2.85e-02 3.47e-02 4.14e-02 4.88e-02 5.67e-02 6.50e-02 7.33e-02 8.09e-02 8.70e-02 9.04e-02 9.04e-02 8.70e-02 8.09e-02 7.33e-02 6.50e-02 5.67e-02 4.88e-02 4.14e-02 3.47e-02 2.85e-02 2.30e-02 1.78e-02 1.30e-02 8.55e-03 4.23e-03 0.00e+00 
0.00e+00 4.68e-03 9.47e-03 1.45e-02 1.99e-02 2.57e-02 3.22e-02 3.94e-02 4.75e-02 5.67e-02 6.69e-02 7.81e-02 8.98e-02 1.01e-01 1.11e-01 1.16e-01 1.16e-01 1.11e-01 1.01e-01 8.98e-02 7.81e-02 6.69e-02 5.67e-02 4.75e-02 3.94e-02 3.22e-02 2.57e-02 1.99e-02 1.45e-02 9.47e-03 4.68e-03 0.00e+00 
0.00e+00 5.09e-03 1.03e-02 1.58e-02 2.18e-02 2.83e-02 3.57e-02 4.40e-02 5.37e-02 6.50e-02 7.81e-02 9.31e-02 1.10e-01 1.28e-01 1.44e-01 1.54e-01 1.54e-01 1.44e-01 1.28e-01 1.10e-01 9.31e-02 7.81e-02 6.50e-02 5.37e-02 4.40e-02 3.57e-02 2.83e-02 2.18e-02 1.58e-02 1.03e-02 5.09e-03 0.00e+00 
0.00e+00 5.44e-03 1.10e-02 1.70e-02 2.34e-02 3.06e-02 3.88e-02 4.84e-02 5.97e-02 7.33e-02 8.98e-02 1.10e-01 1.34e-01 1.62e-01 1.91e-01 2.12e-01 2.12e-01 1.91e-01 1.62e-01 1.34e-01 1.10e-01 8.98e-02 7.33e-02 5.97e-02 4.84e-02 3.88e-02 3.06e-02 2.34e-02 1.70e-02 1.10e-02 5.44e-03 0.00e+00 
0.00e+00 5.73e-03 1.16e-02 1.79e-02 2.48e-02 3.26e-02 4.15e-02 5.21e-02 6.50e-02 8.09e-02 1.01e-01 1.28e-01 1.62e-01 2.07e-01 2.62e-01 3.12e-01 3.12e-01 2.62e-01 2.07e-01 1.62e-01 1.28e-01 1.01e-01 8.09e-02 6.50e-02 5.21e-02 4.15e-02 3.26e-02 2.48e-02 1.79e-02 1.16e-02 5.73e-03 0.00e+00 
0.00e+00 5.93e-03 1.21e-02 1.86e-02 2.58e-02 3.39e-02 4.35e-02 5.49e-02 6.90e-02 8.70e-02 1.11e-01 1.44e-01 1.91e-01 2.62e-01 3.70e-01 5.13e-01 5.13e-01 3.70e-01 2.62e-01 1.91e-01 1.44e-01 1.11e-01 8.70e-02 6.90e-02 5.49e-02 4.35e-02 3.39e-02 2.58e-02 1.86e-02 1.21e-02 5.93e-03 0.00e+00 
0.00e+00 6.03e-03 1.23e-02 1.89e-02 2.63e-02 3.47e-02 4.45e-02 5.64e-02 7.12e-02 9.04e-02 1.16e-01 1.54e-01 2.12e-01 3.12e-01 5.13e-01 1.00e+00 1.00e+00 5.13e-01 3.12e-01 2.12e-01 1.54e-01 1.16e-01 9.04e-02 7.12e-02 5.64e-02 4.45e-02 3.47e-02 2.63e-02 1.89e-02 1.23e-02 6.03e-03 0.00e+00 
0.00e+00 6.03e-03 1.23e-02 1.89e-02 2.63e-02 3.47e-02 4.45e-02 5.64e-02 7.12e-02 9.04e-02 1.16e-01 1.54e-01 2.12e-01 3.12e-01 5.13e-01 1.00e+00 1.00e+00 5.13e-01 3.12e-01 2.12e-01 1.54e-01 1.16e-01 9.04e-02 7.12e-02 5.64e-02 4.45e-02 3.47e-02 2.63e-02 1.89e-02 1.23e-02 6.03e-03 0.00e+00 
0.00e+00 5.93e-03 1.21e-02 1.86e-02 2.58e-02 3.39e-02 4.35e-02 5.49e-02 6.90e-02 8.70e-02 1.11e-01 1.44e-01 1.91e-01 2.62e-01 3.70e-01 5.13e-01 5.13e-01 3.70e-01 2.62e-01 1.91e-01 1.44e-01 1.11e-01 8.70e-02 6.90e-02 5.49e-02 4.35e-02 3.39e-02 2.58e-02 1.86e-02 1.21e-02 5.93e-03 0.00e+00 
0.00e+00 5.73e-03 1.16e-02 1.79e-02 2.48e-02 3.26e-02 4.15e-02 5.21e-02 6.50e-02 8.09e-02 1.01e-01 1.28e-01 1.62e-01 2.07e-01 2.62e-01 3.12e-01 3.12e-01 2.62e-01 2.07e-01 1.62e-01 1.28e-01 1.01e-01 8.09e-02 6.50e-02 5.21e-02 4.15e-02 3.26e-02 2.48e-02 1.79e-02 1.16e-02 5.73e-03 0.00e+00 
0.00e+00 5.44e-03 1.10e-02 1.70e-02 2.34e-02 3.06e-02 3.88e-02 4.84e-02 5.97e-02 7.33e-02 8.98e-02 1.10e-01 1.34e-01 1.62e-01 1.91e-01 2.12e-01 2.12e-01 1.91e-01 1.62e-01 1.34e-01 1.10e-01 8.98e-02 7.33e-02 5.97e-02 4.84e-02 3.88e-02 3.06e-02 2.34e-02 1.70e-02 1.10e-02 5.44e-03 0.00e+00 
0.00e+00 5.09e-03 1.03e-02 1.58e-02 2.18e-02 2.83e-02 3.57e-02 4.40e-02 5.37e-02 6.50e-02 7.81e-02 9.31e-02 1.10e-01 1.28e-01 1.44e-01 1.54e-01 1.54e-01 1.44e-01 1.28e-01 1.10e-01 9.31e-02 7.81e-02 6.50e-02 5.37e-02 4.40e-02 3.57e-02 2.83e-02 2.18e-02 1.58e-02 1.03e-02 5.09e-03 0.00e+00 
0.00e+00 4.68e-03 9.47e-03 1.45e-02 1.99e-02 2.57e-02 3.22e-02 3.94e-02 4.75e-02 5.67e-02 6.69e-02 7.81e-02 8.98e-02 1.01e-01 1.11e-01 1.16e-01 1.16e-01 1.11e-01 1.01e-01 8.98e-02 7.81e-02 6.69e-02 5.67e-02 4.75e-02 3.94e-02 3.22e-02 2.57e-02 1.99e-02 1.45e-02 9.47e-03 4.68e-03 0.00e+00 
0.00e+00 4.23e-03 8.55e-03 1.30e-02 1.78e-02 2.30e-02 2.85e-02 3.47e-02 4.14e-02 4.88e-02 5.67e-02 6.50e-02 7.33e-02 8.09e-02 8.70e-02 9.04e-02 9.04e-02 8.70e-02 8.09e-02 7.33e-02 6.50e-02 5.67e-02 4.88e-02 4.14e-02 3.47e-02 2.85e-02 2.30e-02 1.78e-02 1.30e-02 8.55e-03 4.23e-03 0.00e+00 
0.00e+00 3.76e-03 7.58e-03 1.15e-02 1.57e-02 2.02e-02 2.49e-02 3.00e-02 3.55e-02 4.14e-02 4.75e-02 5.37e-02 5.97e-02 6.50e-02 6.90e-02 7.12e-02 7.12e-02 6.90e-02 6.50e-02 5.97e-02 5.37e-02 4.75e-02 4.14e-02 3.55e-02 3.00e-02 2.49e-02 2.02e-02 1.57e-02 1.15e-02 7.58e-03 3.76e-03 0.00e+00 
0.00e+00 3.27e-03 6.60e-03 1.00e-02 1.36e-02 1.74e-02 2.14e-02 2.56e-02 3.00e-02 3.47e-02 3.94e-02 4.40e-02 4.84e-02 5.21e-02 5.49e-02 5.64e-02 5.64e-02 5.49e-02 5.21e-02 4.84e-02 4.40e-02 3.94e-02 3.47e-02 3.00e-02 2.56e-02 2.14e-02 1.74e-02 1.36e-02 1.00e-02 6.60e-03 3.27e-03 0.00e+00 
0.00e+00 2.79e-03 5.61e-03 8.51e-03 1.15e-02 1.47e-02 1.79e-02 2.14e-02 2.49e-02 2.85e-02 3.22e-02 3.57e-02 3.88e-02 4.15e-02 4.35e-02 4.45e-02 4.45e-02 4.35e-02 4.15e-02 3.88e-02 3.57e-02 3.22e-02 2.85e-02 2.49e-02 2.14e-02 1.79e-02 1.47e-02 1.15e-02 8.51e-03 5.61e-03 2.79e-03 0.00e+00 
0.00e+00 2.31e-03 4.64e-03 7.02e-03 9.48e-03 1.20e-02 1.47e-02 1.74e-02 2.02e-02 2.30e-02 2.57e-02 2.83e-02 3.06e-02 3.26e-02 3.39e-02 3.47e-02 3.47e-02 3.39e-02 3.26e-02 3.06e-02 2.83e-02 2.57e-02 2.30e-02 2.02e-02 1.74e-02 1.47e-02 1.20e-02 9.48e-03 7.02e-03 4.64e-03 2.31e-03 0.00e+00 
0.00e+00 1.83e-03 3.68e-03 5.56e-03 7.49e-03 9.48e-03 1.15e-02 1.36e-02 1.57e-02 1.78e-02 1.99e-02 2.18e-02 2.34e-02 2.48e-02 2.58e-02 2.63e-02 2.63e-02 2.58e-02 2.48e-02 2.34e-02 2.18e-02 1.99e-02 1.78e-02 1.57e-02 1.36e-02 1.15e-02 9.48e-03 7.49e-03 5.56e-03 3.68e-03 1.83e-03 0.00e+00 
0.00e+00 1.36e-03 2.74e-03 4.14e-03 5.56e-03 7.02e-03 8.51e-03 1.00e-02 1.15e-02 1.30e-02 1.45e-02 1.58e-02 1.70e-02 1.79e-02 1.86e-02 1.89e-02 1.89e-02 1.86e-02 1.79e-02 1.70e-02 1.58e-02 1.45e-02 1.30e-02 1.15e-02 1.00e-02 8.51e-03 7.02e-03 5.56e-03 4.14e-03 2.74e-03 1.36e-03 0.00e+00 
0.00e+00 9.04e-04 1.82e-03 2.74e-03 3.68e-03 4.64e-03 5.61e-03 6.60e-03 7.58e-03 8.55e-03 9.47e-03 1.03e-02 1.10e-02 1.16e-02 1.21e-02 1.23e-02 1.23e-02 1.21e-02 1.16e-02 1.10e-02 1.03e-02 9.47e-03 8.55e-03 7.58e-03 6.60e-03 5.61e-03 4.64e-03 3.68e-03 2.74e-03 1.82e-03 9.04e-04 0.00e+00 
0.00e+00 4.51e-04 9.04e-04 1.36e-03 1.83e-03 2.31e-03 2.79e-03 3.27e-03 3.76e-03 4.23e-03 4.68e-03 5.09e-03 5.44e-03 5.73e-03 5.93e-03 6.03e-03 6.03e-03 5.93e-03 5.73e-03 5.44e-03 5.09e-03 4.68e-03 4.23e-03 3.76e-03 3.27e-03 2.79e-03 2.31e-03 1.83e-03 1.36e-03 9.04e-04 4.51e-04 0.00e+00 
0.00e+00 0.00e+00 0.00e+00 0.00e+00 0.00e+00 0.00e+00 0.00e+00 0.00e+00 0.00e+00 0.00e+00 0.00e+00 0.00e+00 0.00e+00 0.00e+00 0.00e+00 0.00e+00 0.00e+00 0.00e+00 0.00e+00 0.00e+00 0.00e+00 0.00e+00 0.00e+00 0.00e+00 0.00e+00 0.00e+00 0.00e+00 0.00e+00 0.00e+00 0.00e+00 0.00e+00 0.00e+00 



error (CPU) = 0.000000000000000e+00
total iterations (CPU) = 2529
Processing time for CPU: 375.589844 (ms) 
CPU Gflops: 1.272614
Speed up of GPU = 7.656504

Final field configuration (CPU):
0.00e+00 0.00e+00 0.00e+00 0.00e+00 0.00e+00 0.00e+00 0.00e+00 0.00e+00 0.00e+00 0.00e+00 0.00e+00 0.00e+00 0.00e+00 0.00e+00 0.00e+00 0.00e+00 0.00e+00 0.00e+00 0.00e+00 0.00e+00 0.00e+00 0.00e+00 0.00e+00 0.00e+00 0.00e+00 0.00e+00 0.00e+00 0.00e+00 0.00e+00 0.00e+00 0.00e+00 0.00e+00 
0.00e+00 4.51e-04 9.04e-04 1.36e-03 1.83e-03 2.31e-03 2.79e-03 3.27e-03 3.76e-03 4.23e-03 4.68e-03 5.09e-03 5.44e-03 5.73e-03 5.93e-03 6.03e-03 6.03e-03 5.93e-03 5.73e-03 5.44e-03 5.09e-03 4.68e-03 4.23e-03 3.76e-03 3.27e-03 2.79e-03 2.31e-03 1.83e-03 1.36e-03 9.04e-04 4.51e-04 0.00e+00 
0.00e+00 9.04e-04 1.82e-03 2.74e-03 3.68e-03 4.64e-03 5.61e-03 6.60e-03 7.58e-03 8.55e-03 9.47e-03 1.03e-02 1.10e-02 1.16e-02 1.21e-02 1.23e-02 1.23e-02 1.21e-02 1.16e-02 1.10e-02 1.03e-02 9.47e-03 8.55e-03 7.58e-03 6.60e-03 5.61e-03 4.64e-03 3.68e-03 2.74e-03 1.82e-03 9.04e-04 0.00e+00 
0.00e+00 1.36e-03 2.74e-03 4.14e-03 5.56e-03 7.02e-03 8.51e-03 1.00e-02 1.15e-02 1.30e-02 1.45e-02 1.58e-02 1.70e-02 1.79e-02 1.86e-02 1.89e-02 1.89e-02 1.86e-02 1.79e-02 1.70e-02 1.58e-02 1.45e-02 1.30e-02 1.15e-02 1.00e-02 8.51e-03 7.02e-03 5.56e-03 4.14e-03 2.74e-03 1.36e-03 0.00e+00 
0.00e+00 1.83e-03 3.68e-03 5.56e-03 7.49e-03 9.48e-03 1.15e-02 1.36e-02 1.57e-02 1.78e-02 1.99e-02 2.18e-02 2.34e-02 2.48e-02 2.58e-02 2.63e-02 2.63e-02 2.58e-02 2.48e-02 2.34e-02 2.18e-02 1.99e-02 1.78e-02 1.57e-02 1.36e-02 1.15e-02 9.48e-03 7.49e-03 5.56e-03 3.68e-03 1.83e-03 0.00e+00 
0.00e+00 2.31e-03 4.64e-03 7.02e-03 9.48e-03 1.20e-02 1.47e-02 1.74e-02 2.02e-02 2.30e-02 2.57e-02 2.83e-02 3.06e-02 3.26e-02 3.39e-02 3.47e-02 3.47e-02 3.39e-02 3.26e-02 3.06e-02 2.83e-02 2.57e-02 2.30e-02 2.02e-02 1.74e-02 1.47e-02 1.20e-02 9.48e-03 7.02e-03 4.64e-03 2.31e-03 0.00e+00 
0.00e+00 2.79e-03 5.61e-03 8.51e-03 1.15e-02 1.47e-02 1.79e-02 2.14e-02 2.49e-02 2.85e-02 3.22e-02 3.57e-02 3.88e-02 4.15e-02 4.35e-02 4.45e-02 4.45e-02 4.35e-02 4.15e-02 3.88e-02 3.57e-02 3.22e-02 2.85e-02 2.49e-02 2.14e-02 1.79e-02 1.47e-02 1.15e-02 8.51e-03 5.61e-03 2.79e-03 0.00e+00 
0.00e+00 3.27e-03 6.60e-03 1.00e-02 1.36e-02 1.74e-02 2.14e-02 2.56e-02 3.00e-02 3.47e-02 3.94e-02 4.40e-02 4.84e-02 5.21e-02 5.49e-02 5.64e-02 5.64e-02 5.49e-02 5.21e-02 4.84e-02 4.40e-02 3.94e-02 3.47e-02 3.00e-02 2.56e-02 2.14e-02 1.74e-02 1.36e-02 1.00e-02 6.60e-03 3.27e-03 0.00e+00 
0.00e+00 3.76e-03 7.58e-03 1.15e-02 1.57e-02 2.02e-02 2.49e-02 3.00e-02 3.55e-02 4.14e-02 4.75e-02 5.37e-02 5.97e-02 6.50e-02 6.90e-02 7.12e-02 7.12e-02 6.90e-02 6.50e-02 5.97e-02 5.37e-02 4.75e-02 4.14e-02 3.55e-02 3.00e-02 2.49e-02 2.02e-02 1.57e-02 1.15e-02 7.58e-03 3.76e-03 0.00e+00 
0.00e+00 4.23e-03 8.55e-03 1.30e-02 1.78e-02 2.30e-02 2.85e-02 3.47e-02 4.14e-02 4.88e-02 5.67e-02 6.50e-02 7.33e-02 8.09e-02 8.70e-02 9.04e-02 9.04e-02 8.70e-02 8.09e-02 7.33e-02 6.50e-02 5.67e-02 4.88e-02 4.14e-02 3.47e-02 2.85e-02 2.30e-02 1.78e-02 1.30e-02 8.55e-03 4.23e-03 0.00e+00 
0.00e+00 4.68e-03 9.47e-03 1.45e-02 1.99e-02 2.57e-02 3.22e-02 3.94e-02 4.75e-02 5.67e-02 6.69e-02 7.81e-02 8.98e-02 1.01e-01 1.11e-01 1.16e-01 1.16e-01 1.11e-01 1.01e-01 8.98e-02 7.81e-02 6.69e-02 5.67e-02 4.75e-02 3.94e-02 3.22e-02 2.57e-02 1.99e-02 1.45e-02 9.47e-03 4.68e-03 0.00e+00 
0.00e+00 5.09e-03 1.03e-02 1.58e-02 2.18e-02 2.83e-02 3.57e-02 4.40e-02 5.37e-02 6.50e-02 7.81e-02 9.31e-02 1.10e-01 1.28e-01 1.44e-01 1.54e-01 1.54e-01 1.44e-01 1.28e-01 1.10e-01 9.31e-02 7.81e-02 6.50e-02 5.37e-02 4.40e-02 3.57e-02 2.83e-02 2.18e-02 1.58e-02 1.03e-02 5.09e-03 0.00e+00 
0.00e+00 5.44e-03 1.10e-02 1.70e-02 2.34e-02 3.06e-02 3.88e-02 4.84e-02 5.97e-02 7.33e-02 8.98e-02 1.10e-01 1.34e-01 1.62e-01 1.91e-01 2.12e-01 2.12e-01 1.91e-01 1.62e-01 1.34e-01 1.10e-01 8.98e-02 7.33e-02 5.97e-02 4.84e-02 3.88e-02 3.06e-02 2.34e-02 1.70e-02 1.10e-02 5.44e-03 0.00e+00 
0.00e+00 5.73e-03 1.16e-02 1.79e-02 2.48e-02 3.26e-02 4.15e-02 5.21e-02 6.50e-02 8.09e-02 1.01e-01 1.28e-01 1.62e-01 2.07e-01 2.62e-01 3.12e-01 3.12e-01 2.62e-01 2.07e-01 1.62e-01 1.28e-01 1.01e-01 8.09e-02 6.50e-02 5.21e-02 4.15e-02 3.26e-02 2.48e-02 1.79e-02 1.16e-02 5.73e-03 0.00e+00 
0.00e+00 5.93e-03 1.21e-02 1.86e-02 2.58e-02 3.39e-02 4.35e-02 5.49e-02 6.90e-02 8.70e-02 1.11e-01 1.44e-01 1.91e-01 2.62e-01 3.70e-01 5.13e-01 5.13e-01 3.70e-01 2.62e-01 1.91e-01 1.44e-01 1.11e-01 8.70e-02 6.90e-02 5.49e-02 4.35e-02 3.39e-02 2.58e-02 1.86e-02 1.21e-02 5.93e-03 0.00e+00 
0.00e+00 6.03e-03 1.23e-02 1.89e-02 2.63e-02 3.47e-02 4.45e-02 5.64e-02 7.12e-02 9.04e-02 1.16e-01 1.54e-01 2.12e-01 3.12e-01 5.13e-01 1.00e+00 1.00e+00 5.13e-01 3.12e-01 2.12e-01 1.54e-01 1.16e-01 9.04e-02 7.12e-02 5.64e-02 4.45e-02 3.47e-02 2.63e-02 1.89e-02 1.23e-02 6.03e-03 0.00e+00 
0.00e+00 6.03e-03 1.23e-02 1.89e-02 2.63e-02 3.47e-02 4.45e-02 5.64e-02 7.12e-02 9.04e-02 1.16e-01 1.54e-01 2.12e-01 3.12e-01 5.13e-01 1.00e+00 1.00e+00 5.13e-01 3.12e-01 2.12e-01 1.54e-01 1.16e-01 9.04e-02 7.12e-02 5.64e-02 4.45e-02 3.47e-02 2.63e-02 1.89e-02 1.23e-02 6.03e-03 0.00e+00 
0.00e+00 5.93e-03 1.21e-02 1.86e-02 2.58e-02 3.39e-02 4.35e-02 5.49e-02 6.90e-02 8.70e-02 1.11e-01 1.44e-01 1.91e-01 2.62e-01 3.70e-01 5.13e-01 5.13e-01 3.70e-01 2.62e-01 1.91e-01 1.44e-01 1.11e-01 8.70e-02 6.90e-02 5.49e-02 4.35e-02 3.39e-02 2.58e-02 1.86e-02 1.21e-02 5.93e-03 0.00e+00 
0.00e+00 5.73e-03 1.16e-02 1.79e-02 2.48e-02 3.26e-02 4.15e-02 5.21e-02 6.50e-02 8.09e-02 1.01e-01 1.28e-01 1.62e-01 2.07e-01 2.62e-01 3.12e-01 3.12e-01 2.62e-01 2.07e-01 1.62e-01 1.28e-01 1.01e-01 8.09e-02 6.50e-02 5.21e-02 4.15e-02 3.26e-02 2.48e-02 1.79e-02 1.16e-02 5.73e-03 0.00e+00 
0.00e+00 5.44e-03 1.10e-02 1.70e-02 2.34e-02 3.06e-02 3.88e-02 4.84e-02 5.97e-02 7.33e-02 8.98e-02 1.10e-01 1.34e-01 1.62e-01 1.91e-01 2.12e-01 2.12e-01 1.91e-01 1.62e-01 1.34e-01 1.10e-01 8.98e-02 7.33e-02 5.97e-02 4.84e-02 3.88e-02 3.06e-02 2.34e-02 1.70e-02 1.10e-02 5.44e-03 0.00e+00 
0.00e+00 5.09e-03 1.03e-02 1.58e-02 2.18e-02 2.83e-02 3.57e-02 4.40e-02 5.37e-02 6.50e-02 7.81e-02 9.31e-02 1.10e-01 1.28e-01 1.44e-01 1.54e-01 1.54e-01 1.44e-01 1.28e-01 1.10e-01 9.31e-02 7.81e-02 6.50e-02 5.37e-02 4.40e-02 3.57e-02 2.83e-02 2.18e-02 1.58e-02 1.03e-02 5.09e-03 0.00e+00 
0.00e+00 4.68e-03 9.47e-03 1.45e-02 1.99e-02 2.57e-02 3.22e-02 3.94e-02 4.75e-02 5.67e-02 6.69e-02 7.81e-02 8.98e-02 1.01e-01 1.11e-01 1.16e-01 1.16e-01 1.11e-01 1.01e-01 8.98e-02 7.81e-02 6.69e-02 5.67e-02 4.75e-02 3.94e-02 3.22e-02 2.57e-02 1.99e-02 1.45e-02 9.47e-03 4.68e-03 0.00e+00 
0.00e+00 4.23e-03 8.55e-03 1.30e-02 1.78e-02 2.30e-02 2.85e-02 3.47e-02 4.14e-02 4.88e-02 5.67e-02 6.50e-02 7.33e-02 8.09e-02 8.70e-02 9.04e-02 9.04e-02 8.70e-02 8.09e-02 7.33e-02 6.50e-02 5.67e-02 4.88e-02 4.14e-02 3.47e-02 2.85e-02 2.30e-02 1.78e-02 1.30e-02 8.55e-03 4.23e-03 0.00e+00 
0.00e+00 3.76e-03 7.58e-03 1.15e-02 1.57e-02 2.02e-02 2.49e-02 3.00e-02 3.55e-02 4.14e-02 4.75e-02 5.37e-02 5.97e-02 6.50e-02 6.90e-02 7.12e-02 7.12e-02 6.90e-02 6.50e-02 5.97e-02 5.37e-02 4.75e-02 4.14e-02 3.55e-02 3.00e-02 2.49e-02 2.02e-02 1.57e-02 1.15e-02 7.58e-03 3.76e-03 0.00e+00 
0.00e+00 3.27e-03 6.60e-03 1.00e-02 1.36e-02 1.74e-02 2.14e-02 2.56e-02 3.00e-02 3.47e-02 3.94e-02 4.40e-02 4.84e-02 5.21e-02 5.49e-02 5.64e-02 5.64e-02 5.49e-02 5.21e-02 4.84e-02 4.40e-02 3.94e-02 3.47e-02 3.00e-02 2.56e-02 2.14e-02 1.74e-02 1.36e-02 1.00e-02 6.60e-03 3.27e-03 0.00e+00 
0.00e+00 2.79e-03 5.61e-03 8.51e-03 1.15e-02 1.47e-02 1.79e-02 2.14e-02 2.49e-02 2.85e-02 3.22e-02 3.57e-02 3.88e-02 4.15e-02 4.35e-02 4.45e-02 4.45e-02 4.35e-02 4.15e-02 3.88e-02 3.57e-02 3.22e-02 2.85e-02 2.49e-02 2.14e-02 1.79e-02 1.47e-02 1.15e-02 8.51e-03 5.61e-03 2.79e-03 0.00e+00 
0.00e+00 2.31e-03 4.64e-03 7.02e-03 9.48e-03 1.20e-02 1.47e-02 1.74e-02 2.02e-02 2.30e-02 2.57e-02 2.83e-02 3.06e-02 3.26e-02 3.39e-02 3.47e-02 3.47e-02 3.39e-02 3.26e-02 3.06e-02 2.83e-02 2.57e-02 2.30e-02 2.02e-02 1.74e-02 1.47e-02 1.20e-02 9.48e-03 7.02e-03 4.64e-03 2.31e-03 0.00e+00 
0.00e+00 1.83e-03 3.68e-03 5.56e-03 7.49e-03 9.48e-03 1.15e-02 1.36e-02 1.57e-02 1.78e-02 1.99e-02 2.18e-02 2.34e-02 2.48e-02 2.58e-02 2.63e-02 2.63e-02 2.58e-02 2.48e-02 2.34e-02 2.18e-02 1.99e-02 1.78e-02 1.57e-02 1.36e-02 1.15e-02 9.48e-03 7.49e-03 5.56e-03 3.68e-03 1.83e-03 0.00e+00 
0.00e+00 1.36e-03 2.74e-03 4.14e-03 5.56e-03 7.02e-03 8.51e-03 1.00e-02 1.15e-02 1.30e-02 1.45e-02 1.58e-02 1.70e-02 1.79e-02 1.86e-02 1.89e-02 1.89e-02 1.86e-02 1.79e-02 1.70e-02 1.58e-02 1.45e-02 1.30e-02 1.15e-02 1.00e-02 8.51e-03 7.02e-03 5.56e-03 4.14e-03 2.74e-03 1.36e-03 0.00e+00 
0.00e+00 9.04e-04 1.82e-03 2.74e-03 3.68e-03 4.64e-03 5.61e-03 6.60e-03 7.58e-03 8.55e-03 9.47e-03 1.03e-02 1.10e-02 1.16e-02 1.21e-02 1.23e-02 1.23e-02 1.21e-02 1.16e-02 1.10e-02 1.03e-02 9.47e-03 8.55e-03 7.58e-03 6.60e-03 5.61e-03 4.64e-03 3.68e-03 2.74e-03 1.82e-03 9.04e-04 0.00e+00 
0.00e+00 4.51e-04 9.04e-04 1.36e-03 1.83e-03 2.31e-03 2.79e-03 3.27e-03 3.76e-03 4.23e-03 4.68e-03 5.09e-03 5.44e-03 5.73e-03 5.93e-03 6.03e-03 6.03e-03 5.93e-03 5.73e-03 5.44e-03 5.09e-03 4.68e-03 4.23e-03 3.76e-03 3.27e-03 2.79e-03 2.31e-03 1.83e-03 1.36e-03 9.04e-04 4.51e-04 0.00e+00 
0.00e+00 0.00e+00 0.00e+00 0.00e+00 0.00e+00 0.00e+00 0.00e+00 0.00e+00 0.00e+00 0.00e+00 0.00e+00 0.00e+00 0.00e+00 0.00e+00 0.00e+00 0.00e+00 0.00e+00 0.00e+00 0.00e+00 0.00e+00 0.00e+00 0.00e+00 0.00e+00 0.00e+00 0.00e+00 0.00e+00 0.00e+00 0.00e+00 0.00e+00 0.00e+00 0.00e+00 0.00e+00 


Enter the GPU ID (0/1): 0
Select GPU with device ID = 0
Solve Poisson equation on a 3D lattice with boundary conditions
Enter the size (Nx, Ny,Nz) of the 3D lattice: 32 32 32
Enter the number of threads (tx,ty) per block: 8 8 8
The dimension of the grid is (4, 4 , 4)
To compute the solution vector with CPU/GPU/both (0/1/2) ? 2

Input time for GPU: 2.628128 (ms) 
error (GPU) = 8.231806349783991e-11
total iterations (GPU) = 2644
Processing time for GPU: 47.293758 (ms) 
GPU Gflops: 0.352207
Output time for GPU: 0.167904 (ms) 
Total time for GPU: 50.089790 (ms) 

Final field configuration (GPU):
1.34e-01 1.62e-01 1.91e-01 2.12e-01 2.12e-01 1.91e-01 1.62e-01 1.34e-01 
1.62e-01 2.07e-01 2.62e-01 3.12e-01 3.12e-01 2.62e-01 2.07e-01 1.62e-01 
1.91e-01 2.62e-01 3.70e-01 5.13e-01 5.13e-01 3.70e-01 2.62e-01 1.91e-01 
2.12e-01 3.12e-01 5.13e-01 1.00e+00 1.00e+00 5.13e-01 3.12e-01 2.12e-01 
2.12e-01 3.12e-01 5.13e-01 1.00e+00 1.00e+00 5.13e-01 3.12e-01 2.12e-01 
1.91e-01 2.62e-01 3.70e-01 5.13e-01 5.13e-01 3.70e-01 2.62e-01 1.91e-01 
1.62e-01 2.07e-01 2.62e-01 3.12e-01 3.12e-01 2.62e-01 2.07e-01 1.62e-01 
1.34e-01 1.62e-01 1.91e-01 2.12e-01 2.12e-01 1.91e-01 1.62e-01 1.34e-01 



error (CPU) = 0.000000000000000e+00
total iterations (CPU) = 2529
Processing time for CPU: 362.494720 (ms) 
CPU Gflops: 1.318587
Speed up of GPU = 7.236898

Final field configuration (CPU):
1.34e-01 1.62e-01 1.91e-01 2.12e-01 2.12e-01 1.91e-01 1.62e-01 1.34e-01 
1.62e-01 2.07e-01 2.62e-01 3.12e-01 3.12e-01 2.62e-01 2.07e-01 1.62e-01 
1.91e-01 2.62e-01 3.70e-01 5.13e-01 5.13e-01 3.70e-01 2.62e-01 1.91e-01 
2.12e-01 3.12e-01 5.13e-01 1.00e+00 1.00e+00 5.13e-01 3.12e-01 2.12e-01 
2.12e-01 3.12e-01 5.13e-01 1.00e+00 1.00e+00 5.13e-01 3.12e-01 2.12e-01 
1.91e-01 2.62e-01 3.70e-01 5.13e-01 5.13e-01 3.70e-01 2.62e-01 1.91e-01 
1.62e-01 2.07e-01 2.62e-01 3.12e-01 3.12e-01 2.62e-01 2.07e-01 1.62e-01 
1.34e-01 1.62e-01 1.91e-01 2.12e-01 2.12e-01 1.91e-01 1.62e-01 1.34e-01 


